mse: 0.006095542191394362
l1: 0.0175779848177764
row_wise_cos_sim: 0.5995048881598719
rol_wise_cos_sim: 0.8446505760478933
flattened_cos_sim: 0.5862535455479235
frechet_audio_dist: 38.093142184488876
waveform_dist_baseline: 2.1065563419552104e-05
waveform_dist: 0.00608324230579285
