mse: 0.005792840051375741
l1: 0.023455562473342278
row_wise_cos_sim: 0.7015435803928243
rol_wise_cos_sim: 0.8418514333366547
flattened_cos_sim: 0.6549549289154984
frechet_audio_dist: 33.43821280897047
waveform_dist_baseline: 2.1065563419552118e-05
waveform_dist: 0.005669092285852009
