mse: 0.00019141250231017652
l1: 0.001989683430869709
row_wise_cos_sim: 0.9520970359505334
rol_wise_cos_sim: 0.938672617788336
flattened_cos_sim: 0.9726528075295033
frechet_audio_dist: 9.327564286812745
waveform_dist_baseline: 2.1065563419552108e-05
waveform_dist: 0.00020561048845383375
