mse: 0.0060955426168288335
l1: 0.017578002974772633
row_wise_cos_sim: 0.5995048828023665
rol_wise_cos_sim: 0.8446506090538576
flattened_cos_sim: 0.5862535402268898
frechet_audio_dist: 38.09469424786716
waveform_dist_baseline: 2.1065563419552118e-05
waveform_dist: 0.006083230201032335
