mse: 0.005792846975063666
l1: 0.023455584908683328
row_wise_cos_sim: 0.7015435677223272
rol_wise_cos_sim: 0.8418514403114474
flattened_cos_sim: 0.6549549459010853
frechet_audio_dist: 33.436904683109965
waveform_dist_baseline: 2.1065563419552118e-05
waveform_dist: 0.005669106972144326
