mse: 0.00774874072521925
l1: 3.015268930539605e-06
row_wise_cos_sim: 0.9411916732788086
rol_wise_cos_sim: 0.9239485859870911
flattened_cos_sim: 0.9307637810707092
frechet_audio_dist: 6.973996284999435
waveform_dist_baseline: 1.2420104985196173e-05
waveform_dist: 0.0003926052844889356
