mse: 8.91462503662158e-05
l1: 4.792530415352238e-06
row_wise_cos_sim: 0.9668145069789281
rol_wise_cos_sim: 0.9096232836637552
flattened_cos_sim: 0.9781798910220066
frechet_audio_dist: 6.274172008472775
waveform_dist: 0.00010018617883358879
