mse: 0.00044050660883650797
l1: 9.762522309894771e-06
row_wise_cos_sim: 0.898647339396387
rol_wise_cos_sim: 0.8790035447982123
flattened_cos_sim: 0.8863491482534646
frechet_audio_dist: 23.336052627748437
waveform_dist: 0.0004589696589744539
