mse: 0.01153494231402874
l1: 2.8668348477367545e-06
row_wise_cos_sim: 0.9286456108093262
rol_wise_cos_sim: 0.9038779735565186
flattened_cos_sim: 0.9154675006866455
frechet_audio_dist: 4.939052362014678
waveform_dist_baseline: 1.2420104985196173e-05
waveform_dist: 0.0003804762919697126
