mse: 0.006103764615390092
l1: 4.455776088389502e-05
row_wise_cos_sim: 0.6907764684128079
rol_wise_cos_sim: 0.7834789614634424
flattened_cos_sim: 0.6561059678959542
frechet_audio_dist: 21.61761968201385
waveform_dist_baseline: 1.2420068298213268e-05
waveform_dist: 0.005876901962231981
