mse: 0.006221807561814785
l1: 2.496173692634329e-06
row_wise_cos_sim: 0.9817224144935608
rol_wise_cos_sim: 0.9328827261924744
flattened_cos_sim: 0.9702844619750977
frechet_audio_dist: 3.5141600009465215
waveform_dist_baseline: 1.2420104985196173e-05
waveform_dist: 0.000304844111811655
