mse: 0.008109266869723797
l1: 2.941412503787433e-06
row_wise_cos_sim: 0.9282181859016418
rol_wise_cos_sim: 0.9145330190658569
flattened_cos_sim: 0.9150437712669373
frechet_audio_dist: 8.681618248685302
waveform_dist_baseline: 1.2420104985196173e-05
waveform_dist: 0.00039766897208366096
