mse: 0.00941360555589199
l1: 2.9765983526885975e-06
row_wise_cos_sim: 0.92561936378479
rol_wise_cos_sim: 0.9090564250946045
flattened_cos_sim: 0.9067965745925903
frechet_audio_dist: 5.200282722829879
waveform_dist_baseline: 1.2420104985196173e-05
waveform_dist: 0.00041845109873268053
