mse: 0.007437549065798521
l1: 3.6253575217415346e-06
row_wise_cos_sim: 0.9158535599708557
rol_wise_cos_sim: 0.913064181804657
flattened_cos_sim: 0.9025121331214905
frechet_audio_dist: 4.390301628671601
waveform_dist_baseline: 1.2420104985196173e-05
waveform_dist: 0.0005168286566546911
