mse: 0.004707812118901542
l1: 2.3791855555345082e-05
row_wise_cos_sim: 0.6066952106879733
rol_wise_cos_sim: 0.7801448855893595
flattened_cos_sim: 0.5912351659181164
frechet_audio_dist: 37.25653817960952
waveform_dist_baseline: 1.2420068298213268e-05
waveform_dist: 0.004687648522808006
