mse: 9.527469721027912e-05
l1: 2.183451431565932e-06
row_wise_cos_sim: 0.9703314661307115
rol_wise_cos_sim: 0.9129544790154284
flattened_cos_sim: 0.9750803454859471
frechet_audio_dist: 20.03148065538609
waveform_dist_baseline: 1.2420068298213268e-05
waveform_dist: 0.00012729161166125262
